#
B  extrasmallRI
    3
     2   0   0   1   1
      0.4945363347    1.0000000000
     5   1   1   1   1
      0.7388220698    1.0000000000
     6   2   2   1   1
      0.5032168686    1.0000000000
#
N  extrasmallRI
   10
     2   0   0   1   1
      0.3527890937    1.0000000000
     3   0   0   1   1
      0.7226207617    1.0000000000
     4   0   0   1   1
      1.4755686684    1.0000000000
     5   0   0   1   1
      2.9702981111    1.0000000000
     6   0   0   1   1
      6.0327157693    1.0000000000
     9   1   1   1   1
      0.6680950019    1.0000000000
    10   1   1   1   1
      1.8641932539    1.0000000000
    11   2   2   1   1
      0.6040851611    1.0000000000
    12   2   2   1   1
      3.0002841729    1.0000000000
    13   3   3   1   1
      1.0032981174    1.0000000000
